 male: 0.33065205812454224
 female: 0.04655398800969124
 professional: 0.042330123484134674
 fashion: 0.03721684589982033
 Russian: 0.03253639116883278
